################################################
# ITK-SnAP Label Description File
# File format: 
# IDX   -R-  -G-  -B-  -A--  VIS MSH  LABEL
# Fields: 
#    IDX:   Zero-based index 
#    -R-:   Red color component (0..255)
#    -G-:   Green color component (0..255)
#    -B-:   Blue color component (0..255)
#    -A-:   Label transparency (0.00 .. 1.00)
#    VIS:   Label visibility (0 or 1)
#    IDX:   Label mesh visibility (0 or 1)
#  LABEL:   Label description 
################################################
    0     0    0    0        0  0  0    "Clear Label"
    1   255    0    0        1  1  1    "Label 1"
    2     0  255    0        1  1  1    "Label 2"
    3     0    0  255        1  1  1    "Label 3"
    4   255  255    0        1  1  1    "Label 4"
    5     0  255  255        1  1  1    "Label 5"
    6   255    0  255        1  1  1    "Label 6"
    7   255  239  213        1  1  1    "Label 7"
    8     0    0  205        1  1  1    "Label 8"
    9   205  133   63        1  1  1    "Label 9"
   10   210  180  140        1  1  1    "Label 10"
   11   102  205  170        1  1  1    "Label 11"
   12     0    0  128        1  1  1    "Label 12"
   13     0  139  139        1  1  1    "Label 13"
   14    46  139   87        1  1  1    "Label 14"
   15   255  228  225        1  1  1    "Label 15"
   16   106   90  205        1  1  1    "Label 16"
   17   221  160  221        1  1  1    "Label 17"
   18   233  150  122        1  1  1    "Label 18"
   19   165   42   42        1  1  1    "Label 19"
   20   255  250  250        1  1  1    "Label 20"
   21   147  112  219        1  1  1    "Label 21"
   22   218  112  214        1  1  1    "Label 22"
   23    75    0  130        1  1  1    "Label 23"
   24   255  182  193        1  1  1    "Label 24"
   25    60  179  113        1  1  1    "Label 25"
   26   255  235  205        1  1  1    "Label 26"
   27   255  228  196        1  1  1    "Label 27"
   28   218  165   32        1  1  1    "Label 28"
   29     0  128  128        1  1  1    "Label 29"
   30   188  143  143        1  1  1    "Label 30"
   31   255  105  180        1  1  1    "Label 31"
   32   255  218  185        1  1  1    "Label 32"
   33   222  184  135        1  1  1    "Label 33"
   34   127  255    0        1  1  1    "Label 34"
   37   255  255  224        1  1  1    "Label 37"
   38    70  130  180        1  1  1    "Label 38"
   39     0  100    0        1  1  1    "Label 39"
   40   238  130  238        1  1  1    "Label 40"
   41   238  232  170        1  1  1    "Label 41"
   42   240  255  240        1  1  1    "Label 42"
   43   245  222  179        1  1  1    "Label 43"
   44   184  134   11        1  1  1    "Label 44"
   45    32  178  170        1  1  1    "Label 45"
   46   255   20  147        1  1  1    "Label 46"
   47    25   25  112        1  1  1    "Label 47"
   48   112  128  144        1  1  1    "Label 48"
   49    34  139   34        1  1  1    "Label 49"
   50   248  248  255        1  1  1    "Label 50"
   51   245  255  250        1  1  1    "Label 51"
   52   255  160  122        1  1  1    "Label 52"
   53   144  238  144        1  1  1    "Label 53"
   54   173  255   47        1  1  1    "Label 54"
   55    65  105  225        1  1  1    "Label 55"
   56   255   99   71        1  1  1    "Label 56"
   57   250  240  230        1  1  1    "Label 57"
   58   128    0    0        1  1  1    "Label 58"
   59    50  205   50        1  1  1    "Label 59"
   60   244  164   96        1  1  1    "Label 60"
   61   255  255  240        1  1  1    "Label 61"
   62   123  104  238        1  1  1    "Label 62"
   63   255  165    0        1  1  1    "Label 63"
   64   173  216  230        1  1  1    "Label 64"
   65   255  192  203        1  1  1    "Label 65"
   66   127  255  212        1  1  1    "Label 66"
   67   255  140    0        1  1  1    "Label 67"
   68   143  188  143        1  1  1    "Label 68"
   69   220   20   60        1  1  1    "Label 69"
   70   253  245  230        1  1  1    "Label 70"
   71   255  250  240        1  1  1    "Label 71"
   72     0  206  209        1  1  1    "Label 72"
   73     0  255  127        1  1  1    "Label 73"
   74   128    0  128        1  1  1    "Label 74"
   83   250  235  215        1  1  1    "Label 83"
   84   255  245  238        1  1  1    "Label 84"
   85   107  142   35        1  1  1    "Label 85"
   86   135  206  250        1  1  1    "Label 86"
   87     0    0  139        1  1  1    "Label 87"
   88   139    0  139        1  1  1    "Label 88"
   89   245  245  220        1  1  1    "Label 89"
   90   186   85  211        1  1  1    "Label 90"
   91   255  228  181        1  1  1    "Label 91"
   92   255  222  173        1  1  1    "Label 92"
   93     0  191  255        1  1  1    "Label 93"
   94   210  105   30        1  1  1    "Label 94"
   95   255  248  220        1  1  1    "Label 95"
   96    47   79   79        1  1  1    "Label 96"
   97    72   61  139        1  1  1    "Label 97"
   98   175  238  238        1  1  1    "Label 98"
   99   128  128    0        1  1  1    "Label 99"
  100   176  224  230        1  1  1    "Label 100"
  101   255  240  245        1  1  1    "Label 101"
  102   139    0    0        1  1  1    "Label 102"
  103   240  255  255        1  1  1    "Label 103"
  104   255  215    0        1  1  1    "Label 104"
  105   216  191  216        1  1  1    "Label 105"
  106   119  136  153        1  1  1    "Label 106"
  107   219  112  147        1  1  1    "Label 107"
  108    72  209  204        1  1  1    "Label 108"
  109   255    0  255        1  1  1    "Label 109"
  110   199   21  133        1  1  1    "Label 110"
  111   154  205   50        1  1  1    "Label 111"
  112   189  183  107        1  1  1    "Label 112"
  113   240  248  255        1  1  1    "Label 113"
  114   230  230  250        1  1  1    "Label 114"
  115     0  250  154        1  1  1    "Label 115"
  116    85  107   47        1  1  1    "Label 116"
  117    64  224  208        1  1  1    "Label 117"
  118   153   50  204        1  1  1    "Label 118"
  119   205   92   92        1  1  1    "Label 119"
  120   250  250  210        1  1  1    "Label 120"
  151   147  112  219        1  1  1    "Label 151"
  152   218  112  214        1  1  1    "Label 152"
  153    75    0  130        1  1  1    "Label 153"
  154   255  182  193        1  1  1    "Label 154"
  155    60  179  113        1  1  1    "Label 155"
  156   255  235  205        1  1  1    "Label 156"
  201   255  250  240        1  1  1    "Label 201"
  202     0  206  209        1  1  1    "Label 202"
  203     0  255  127        1  1  1    "Label 203"
  204   128    0  128        1  1  1    "Label 204"
  205   255  250  205        1  1  1    "Label 205"
  206   250  128  114        1  1  1    "Label 206"
  207   148    0  211        1  1  1    "Label 207"
  208   178   34   34        1  1  1    "Label 208"
  209   255  127   80        1  1  1    "Label 209"
  210   135  206  235        1  1  1    "Label 210"
  211   100  149  237        1  1  1    "Label 211"
  212   240  230  140        1  1  1    "Label 212"
  213   250  235  215        1  1  1    "Label 213"
  214   255  245  238        1  1  1    "Label 214"
  215   107  142   35        1  1  1    "Label 215"
  216   135  206  250        1  1  1    "Label 216"
  217     0    0  139        1  1  1    "Label 217"
  218   139    0  139        1  1  1    "Label 218"
  219   245  245  220        1  1  1    "Label 219"
  220   186   85  211        1  1  1    "Label 220"
  221   255  228  181        1  1  1    "Label 221"
  222   255  222  173        1  1  1    "Label 222"
  223     0  191  255        1  1  1    "Label 223"
  224   210  105   30        1  1  1    "Label 224"
  225   255  248  220        1  1  1    "Label 225"
  226    47   79   79        1  1  1    "Label 226"
  227    72   61  139        1  1  1    "Label 227"
  228   175  238  238        1  1  1    "Label 228"
  229   128  128    0        1  1  1    "Label 229"
  230   176  224  230        1  1  1    "Label 230"
  231   255  240  245        1  1  1    "Label 231"
  232   139    0    0        1  1  1    "Label 232"
  233   240  255  255        1  1  1    "Label 233"
  234   255  215    0        1  1  1    "Label 234"
  235   216  191  216        1  1  1    "Label 235"
  236   119  136  153        1  1  1    "Label 236"
  237   219  112  147        1  1  1    "Label 237"
  238    72  209  204        1  1  1    "Label 238"
  239   255    0  255        1  1  1    "Label 239"
  240   199   21  133        1  1  1    "Label 240"
  241   154  205   50        1  1  1    "Label 241"
  242   189  183  107        1  1  1    "Label 242"
  243   240  248  255        1  1  1    "Label 243"
  244   230  230  250        1  1  1    "Label 244"
  245     0  250  154        1  1  1    "Label 245"
  246    85  107   47        1  1  1    "Label 246"
  247    64  224  208        1  1  1    "Label 247"
  248   153   50  204        1  1  1    "Label 248"
  301   238  232  170        1  1  1    "Label 301"
  302   240  255  240        1  1  1    "Label 302"
  303   245  222  179        1  1  1    "Label 303"
  304   184  134   11        1  1  1    "Label 304"
  305    32  178  170        1  1  1    "Label 305"
  306   255   20  147        1  1  1    "Label 306"
  307    25   25  112        1  1  1    "Label 307"
  308   112  128  144        1  1  1    "Label 308"
  309    34  139   34        1  1  1    "Label 309"
  310   159  159  239        1  1  1    "Label 310"
  311   245  255  250        1  1  1    "Label 311"
  312   255  160  122        1  1  1    "Label 312"
  313   144  238  144        1  1  1    "Label 313"
  314   173  255   47        1  1  1    "Label 314"
  315    65  105  225        1  1  1    "Label 315"
  316   255   99   71        1  1  1    "Label 316"
  317   250  240  230        1  1  1    "Label 317"
  318   128    0    0        1  1  1    "Label 318"
  319    50  205   50        1  1  1    "Label 319"
  320   244  164   96        1  1  1    "Label 320"
  321   255  255  240        1  1  1    "Label 321"
  322   123  104  238        1  1  1    "Label 322"
  323   255  165    0        1  1  1    "Label 323"
  324   173  216  230        1  1  1    "Label 324"
  325   255  192  203        1  1  1    "Label 325"
  326   127  255  212        1  1  1    "Label 326"
  327   255  140    0        1  1  1    "Label 327"
  328   143  188  143        1  1  1    "Label 328"
  329   220   20   60        1  1  1    "Label 329"
  330   253  245  230        1  1  1    "Label 330"
  331   255  250  240        1  1  1    "Label 331"
  332     0  206  209        1  1  1    "Label 332"
  333     0  255  127        1  1  1    "Label 333"
  334   128    0  128        1  1  1    "Label 334"
